calc=
[  0.45455,  0.54545,  0.30000,  0.30000,  0.27273,  0.54545,  0.45455 ]

err=
43

result=
1

ser=
[   0,   6,  11,   8,   2,   1,   3,   9,   5,   4,   7,  10 ]


ERR=
0.105263

KAPPA=
0.81071




IndiceKappa=
0.304348

varKappa=
0.0193287

accuracy=
0.53125

CONF=
[  13,   0,   1;
    0,  44,   3;
    3,   1,  11 ]

taxasS
[  0.75000,  0.54545,  0.63158,  0.25000,  0.45455;
   0.44444,  0.80000,  0.57143,  0.55556,  0.20000;
   0.50000,  0.27273,  0.35294,  0.50000,  0.72727 ]

cSaida=
[  1;
   1;
   0;
   1;
   1;
   1;
   1;
   1;
   1;
   1;
   1;
   0;
   1;
   1;
   2;
   2;
   1;
   2;
   0;
   0;
   0;
   0;
   0;
   1;
   1;
   1;
   1;
   1;
   0;
   2;
   1;
   1;
   2;
   1;
   1;
   1;
   1;
   1;
   1;
   2;
   1;
   2;
   1;
   1;
   0;
   1;
   1;
   2;
   1;
   1;
   1;
   2;
   2;
   1;
   0;
   1;
   0;
   1;
   2;
   1;
   0;
   0;
   1;
   1;
   1;
   1;
   1;
   2;
   1;
   1;
   2;
   1;
   1;
   0;
   2;
   2 ]

cTeste=
[  0.09091,  0.09091,  0.10000,  0.00000,  0.09091,  0.54545,  0.45455;
   0.45455,  0.18182,  0.20000,  0.00000,  0.36364,  0.63636,  0.36364;
   0.45455,  0.54545,  0.60000,  0.00000,  0.81818,  0.81818,  0.18182;
   0.45455,  0.45455,  0.30000,  0.20000,  0.45455,  0.54545,  0.45455;
   0.63636,  0.36364,  0.30000,  0.10000,  0.36364,  0.63636,  0.36364;
   0.27273,  0.36364,  0.20000,  0.20000,  0.27273,  0.54545,  0.45455;
   0.36364,  0.36364,  0.20000,  0.20000,  0.36364,  0.54545,  0.45455;
   0.45455,  0.36364,  0.30000,  0.10000,  0.45455,  0.63636,  0.36364;
   0.54545,  0.36364,  0.30000,  0.10000,  0.54545,  0.63636,  0.36364;
   0.18182,  0.36364,  0.10000,  0.30000,  0.18182,  0.45455,  0.54545;
   0.18182,  0.45455,  0.30000,  0.20000,  0.36364,  0.54545,  0.45455;
   0.27273,  0.45455,  0.50000,  0.00000,  0.36364,  0.72727,  0.27273;
   0.45455,  0.18182,  0.20000,  0.00000,  0.45455,  0.63636,  0.36364;
   0.54545,  0.27273,  0.20000,  0.10000,  0.45455,  0.54545,  0.45455;
   0.45455,  0.36364,  0.40000,  0.00000,  0.54545,  0.72727,  0.27273;
   0.54545,  0.36364,  0.40000,  0.00000,  0.36364,  0.72727,  0.27273;
   0.36364,  0.09091,  0.10000,  0.00000,  0.27273,  0.54545,  0.45455;
   0.27273,  0.27273,  0.00000,  0.30000,  0.45455,  0.36364,  0.63636;
   0.63636,  0.54545,  0.40000,  0.20000,  0.63636,  0.63636,  0.36364;
   0.18182,  0.54545,  0.60000,  0.00000,  0.63636,  0.81818,  0.18182;
   0.27273,  0.54545,  0.60000,  0.00000,  0.72727,  0.81818,  0.18182;
   0.27273,  0.54545,  0.60000,  0.00000,  0.63636,  0.81818,  0.18182;
   0.09091,  0.54545,  0.60000,  0.00000,  0.72727,  0.81818,  0.18182;
   0.18182,  0.27273,  0.20000,  0.10000,  0.27273,  0.54545,  0.45455;
   0.36364,  0.36364,  0.20000,  0.20000,  0.36364,  0.54545,  0.45455;
   0.36364,  0.27273,  0.10000,  0.20000,  0.36364,  0.45455,  0.54545;
   0.27273,  0.36364,  0.10000,  0.30000,  0.36364,  0.45455,  0.54545;
   0.36364,  0.36364,  0.20000,  0.20000,  0.54545,  0.54545,  0.45455;
   0.72727,  0.72727,  0.40000,  0.40000,  0.72727,  0.54545,  0.45455;
   0.36364,  0.54545,  0.40000,  0.20000,  0.54545,  0.63636,  0.36364;
   0.27273,  0.27273,  0.20000,  0.10000,  0.18182,  0.54545,  0.45455;
   0.27273,  0.45455,  0.30000,  0.20000,  0.36364,  0.54545,  0.45455;
   0.45455,  0.27273,  0.00000,  0.30000,  0.45455,  0.36364,  0.63636;
   0.36364,  0.27273,  0.20000,  0.10000,  0.63636,  0.54545,  0.45455;
   0.54545,  0.36364,  0.10000,  0.30000,  0.27273,  0.45455,  0.54545;
   0.36364,  0.18182,  0.10000,  0.10000,  0.36364,  0.54545,  0.45455;
   0.36364,  0.36364,  0.10000,  0.30000,  0.36364,  0.45455,  0.54545;
   0.36364,  0.36364,  0.10000,  0.30000,  0.36364,  0.45455,  0.54545;
   0.36364,  0.27273,  0.10000,  0.20000,  0.18182,  0.45455,  0.54545;
   0.27273,  0.27273,  0.00000,  0.30000,  0.36364,  0.36364,  0.63636;
   0.27273,  0.27273,  0.20000,  0.10000,  0.36364,  0.54545,  0.45455;
   0.27273,  0.45455,  0.40000,  0.10000,  0.36364,  0.63636,  0.36364;
   0.36364,  0.18182,  0.20000,  0.00000,  0.45455,  0.63636,  0.36364;
   0.54545,  0.45455,  0.30000,  0.20000,  0.54545,  0.54545,  0.45455;
   0.45455,  0.36364,  0.40000,  0.00000,  0.81818,  0.72727,  0.27273;
   0.45455,  0.27273,  0.20000,  0.10000,  0.36364,  0.54545,  0.45455;
   0.18182,  0.18182,  0.20000,  0.00000,  0.36364,  0.63636,  0.36364;
   0.45455,  0.45455,  0.10000,  0.40000,  0.54545,  0.36364,  0.63636;
   0.45455,  0.27273,  0.20000,  0.10000,  0.72727,  0.54545,  0.45455;
   0.36364,  0.09091,  0.10000,  0.00000,  0.27273,  0.54545,  0.45455;
   0.27273,  0.45455,  0.30000,  0.20000,  0.36364,  0.54545,  0.45455;
   0.27273,  0.36364,  0.40000,  0.00000,  0.36364,  0.72727,  0.27273;
   0.45455,  0.54545,  0.30000,  0.30000,  0.45455,  0.54545,  0.45455;
   0.27273,  0.18182,  0.10000,  0.10000,  0.36364,  0.54545,  0.45455;
   0.45455,  0.36364,  0.40000,  0.00000,  0.81818,  0.72727,  0.27273;
   0.27273,  0.27273,  0.30000,  0.00000,  0.54545,  0.63636,  0.36364;
   0.36364,  0.45455,  0.50000,  0.00000,  0.81818,  0.72727,  0.27273;
   0.36364,  0.45455,  0.30000,  0.20000,  0.36364,  0.54545,  0.45455;
   0.54545,  0.45455,  0.10000,  0.40000,  0.54545,  0.36364,  0.63636;
   0.45455,  0.27273,  0.30000,  0.00000,  0.72727,  0.63636,  0.36364;
   0.63636,  0.54545,  0.60000,  0.00000,  0.81818,  0.81818,  0.18182;
   0.45455,  0.36364,  0.40000,  0.00000,  0.81818,  0.72727,  0.27273;
   0.36364,  0.36364,  0.30000,  0.10000,  0.63636,  0.63636,  0.36364;
   0.18182,  0.45455,  0.30000,  0.20000,  0.54545,  0.54545,  0.45455;
   0.36364,  0.27273,  0.10000,  0.20000,  0.54545,  0.45455,  0.54545;
   0.36364,  0.18182,  0.10000,  0.10000,  0.81818,  0.54545,  0.45455;
   0.27273,  0.18182,  0.10000,  0.10000,  0.36364,  0.54545,  0.45455;
   0.54545,  0.45455,  0.20000,  0.30000,  0.36364,  0.45455,  0.54545;
   0.27273,  0.45455,  0.30000,  0.20000,  0.18182,  0.54545,  0.45455;
   0.18182,  0.18182,  0.10000,  0.10000,  0.18182,  0.54545,  0.45455;
   0.54545,  0.27273,  0.00000,  0.30000,  0.27273,  0.36364,  0.63636;
   0.63636,  0.45455,  0.30000,  0.20000,  0.54545,  0.54545,  0.45455;
   0.63636,  0.18182,  0.10000,  0.10000,  0.54545,  0.54545,  0.45455;
   0.36364,  0.45455,  0.50000,  0.00000,  0.63636,  0.72727,  0.27273;
   0.45455,  0.36364,  0.10000,  0.30000,  0.72727,  0.45455,  0.54545;
   0.54545,  0.54545,  0.40000,  0.20000,  0.54545,  0.63636,  0.36364 ]






hieraquico


accuracy
0,4074


medidasD
    0.0278    0.9583    0.2500    0.6635    0.0500    0.0417    0.9722    0.7500    0.6667    1.0145    0.1632
    0.8611    0.3472    0.3974    0.8333    0.5439    0.6528    0.1389    0.6026    1.3191    0.4000    0.5468
    0.3333    0.8056    0.4615    0.7073    0.3871    0.1944    0.6667    0.5385    1.7143    0.8276    0.5182

cSaida
     1
     2
     3
     2
     2
     2
     2
     2
     2
     3
     2
     2
     2
     2
     3
     3
     2
     2
     3
     2
     2
     2
     2
     2
     2
     2
     3
     2
     2
     3
     3
     3
     3
     3
     2
     2
     2
     2
     2
     2
     2
     2
     2
     1
     2
     2
     2
     2
     2
     2
     2
     2
     2
     2
     2
     2
     2
     2
     3
     2
     2
     2
     3
     3
     2
     2
     2
     1
     2
     2
     2
     2
     3
     2
     2
     2
     2
     3
     3
     3
     2
     2
     2
     3
     2
     3
     2
     3
     3
     3
     3
     2
     2
     2
     2
     3
     2
     2
     2
     2
     2
     1
     2
     2
     2
     3
     2
     2


K (mtrzConf)
     1     2     1
    24    31    23
    11     3    12

EQMT
608,6667

maxPA
40,4707

ImaxPA
1

mPA
40,7407


--serie

cSaida2
2

ERR2 =  0.055556

CONF2 =

    4    0    0
    0   76    2
    0    4   22


KAPPA2 =  0.86455



hierarquico 2
accuracy =

    0.4074


medidasD =

  Columns 1 through 9

    0.0278    0.9583    0.2500    0.6635    0.0500    0.0417    0.9722    0.7500    0.6667
    0.8611    0.3472    0.3974    0.8333    0.5439    0.6528    0.1389    0.6026    1.3191
    0.3333    0.8056    0.4615    0.7073    0.3871    0.1944    0.6667    0.5385    1.7143

  Columns 10 through 11

    1.0145    0.1632
    0.4000    0.5468
    0.8276    0.5182


cSaida =

     1
     2
     3
     2
     2
     2
     2
     2
     2
     3
     2
     2
     2
     2
     3
     3
     2
     2
     3
     2
     2
     2
     2
     2
     2
     2
     3
     2
     2
     3
     3
     3
     3
     3
     2
     2
     2
     2
     2
     2
     2
     2
     2
     1
     2
     2
     2
     2
     2
     2
     2
     2
     2
     2
     2
     2
     2
     2
     3
     2
     2
     2
     3
     3
     2
     2
     2
     1
     2
     2
     2
     2
     3
     2
     2
     2
     2
     3
     3
     3
     2
     2
     2
     3
     2
     3
     2
     3
     3
     3
     3
     2
     2
     2
     2
     3
     2
     2
     2
     2
     2
     1
     2
     2
     2
     3
     2
     2
     2


K =

     1     2     1
    24    31    23
    11     3    12


EQMT =

  608.6667


maxPA =

   40.7407


ImaxPA =

     1


mPA =

   40.7407



